6.68716773146447
6.1770239855731
6.1
6.1
6.1
6.1
6.1
6.1
6.1
6.1
6.1
6.1
6.1
6.1
6.1
6.1
6.1
6.1
6.1
6.1
6.1
6.1
6.1
6.1
6.1
6.1
6.7
6.7
9.3
9.3
9.3
9.3
9.3
9.3
9.3
9.3
9.3
9.3
9.3
9.3
9.3
9.3
9.3
9.3
9.3
9.3
9.3
9.3
9.3
9.3
9.3
9.3
6.1
6.1
6.1
6.1
6.1
6.1
6.1
6.1
6.1
6.1
6.1
6.1
6.1
6.1
6.1
6.1
6.1
6.1
6.1
6.1
6.1
6.1
6.1
6.1
6.1
6.1
6.1
6.1
6.1
6.1
6.1
6.1
6.1
6.1
6.1
6.1
6.1
6.1
6.1
6.1
6.1
6.1
6.1
6.1
6.1
6.1
6.1
6.1
6.1
6.1
6.1
6.1
6.1
6.1
6.1
6.1
6.1
6.1
6.1
6.1
6.1
6.1
6.1
6.1
6.1
6.1
6.1
6.1
6.1
6.1
6.1
6.1
6.1
6.1
6.1
6.1
6.1
6.1
6.1
6.1
6.1
6.1
6.1
6.1
6.1
6.1
6.1
6.1
6.1
6.1
6.1
6.1
6.1
6.1
6.1
6.1
6.1
6.1
6.1
6.1
6.1
6.1
6.1
6.1
6.1
6.1
6.1
6.1
6.1
6.1
6.1
6.1
6.1
6.1
6.1
6.1
6.1
6.1
6.1
6.1
6.1
6.1
6.1
6.1
6.1
6.1
6.1
6.1
6.1
6.1
6.1
6.1
6.1
6.1
6.1
6.1
6.1
6.1
6.1
6.1
6.1
6.1
6.1
6.1
6.1
6.1
6.1
6.1
6.1
6.1
6.1
6.1
6.1
6.1
6.1
6.1
6.1
6.1
6.1
6.1
6.1
6.1
6.1
6.1
6.1
6.1
6.1
6.1
6.1
6.1
6.1
6.1
6.1
6.1
6.1
6.1
6.1
6.1
6.21283821181969
6.36644971952647
6.46415547031537
6.59169663729377
6.6092976246634
6.48241276968683
6.35466892231397
6.47858285778015
6.65832577103716
6.77902689339196
6.80706801706015
6.87920003779271
6.72414524278817
6.44618206469336
6.41681337183321
6.42544404750264
10.5
10.5
10.5
10.5
10.5
10.5
10.5
10.5
10.5
10.5
10.5
10.5
10.5
10.5
10.5
10.5
10.5
10.5
10.5
10.5
10.5
10.5
10.5
10.5
7.13870436057808
7.05786894327392
7.02737046153796
7.08684808148636
7.18812776157484
7.40524013968361
7.67428532591459
7.84732096365909
7.92641429274189
7.95267441232053
7.934680868097
7.87634269208393
7.84994663652837
7.85537554781874
7.78710483615027
7.62961970413392
7.53646767182838
7.45017538039789
7.49109592697557
7.41563579537049
7.29380998425071
7.10139225983568
7.04809724237905
6.94389801497665
6.87248156418277
6.88735047381858
6.921212361447
6.92037935002673
7.05126047071231
7.13129643451916
7.23139316671549
7.38761819432976
7.38223681196253
7.18830968972986
6.97492306609139
6.76272652322953
13.6
13.6
13.6
13.6
13.6
13.6
13.6
13.6
13.6
13.6
13.6
13.6
13.6
13.6
13.6
13.6
13.6
13.6
13.6
13.6
13.6
13.6
13.6
13.6
13.6
7.80172904204296
7.91266261830207
7.99632297669344
8.05029758445756
8.21672130443924
8.64092191691174
8.96359046883534
9.28866569063776
9.79333625231831
10.4804257690978
11.1461967477964
11.5562907804163
11.8381792635264
11.9653047013279
11.9142401913462
11.6627115328258
11.3544006180586
10.9683652809345
10.5865173396903
10.4126084964077
10.1049581618706
10.0424244286485
10.0148401893439
9.51515058361873
9.20033736907998
8.64640646296139
8.20712571202827
7.81822098903573
7.14087028118466
6.687168
