6.1
6.1
6.1
6.1
6.1
6.1
6.1
6.1
6.1
6.1
6.1
6.1
6.1
6.1
6.1
6.1
6.1
6.1
6.1
6.1
6.1
6.1
6.1
6.1
6.1
6.1
6.1
6.1
6.1
6.1
6.1
6.1
6.1
6.1
6.1
6.1
6.1
6.1
6.1
6.1
6.1
6.1
6.1
6.1
6.1
6.1
6.1
6.1
6.1
6.1
6.1
6.1
6.1
6.1
6.1
6.1
6.1
6.1
6.1
6.1
6.1
6.1
6.1
6.1
6.1
6.1
6.1
6.1
6.1
6.1
6.1
6.1
6.1
6.1
6.1
6.1
6.1
6.1
6.1
6.1
6.1
6.1
6.1
6.1
6.1
6.1
6.1
6.1
6.1
6.1
6.1
6.1
6.1
6.1
6.1
6.1
6.1
6.1
6.1
6.1
6.1
6.1
6.1
6.1
6.1
6.1
6.1
6.1
6.1
6.1
6.1
6.1
6.1
6.1
6.1
6.1
6.1
6.1
6.1
6.1
6.1
6.1
6.1
6.1
6.1
6.1
6.1
6.1
6.1
6.1
6.1
6.1
6.1
6.1
6.1
6.1
6.1
6.14253745643688
6.15825456848845
6.19432907220133
6.26411230130156
6.29119972812569
6.23218597505726
6.19931206695527
6.18560814198368
6.15642541613881
6.1
6.1
6.1
6.1
6.1
6.1
6.1
6.1
6.1
6.1
6.1
6.59775412722314
6.76627372356111
7.00609405695003
7.22633902748791
7.54689147823753
7.88166161057803
8.23056583364246
8.59351199966468
8.89757414488409
9.12844155852597
9.29466567386359
9.45867194495474
9.62460983405986
9.7883283543424
9.91257362024183
10.0367331514223
10.1608058628306
10.3803765864456
10.5368461118937
10.5968234482229
10.6246627808494
10.6460744964191
10.6610610613101
10.6739056142481
10.6632018889817
10.9081228674687
10.9419771245763
10.9734069493616
11.0048307172328
11.267360989963
11.3466813787438
11.4206779560733
11.4682288313166
11.5157652725956
11.5632872203501
11.6107946151333
11.6582873976129
11.703128221473
11.7426827471181
11.7163142014915
11.6899411053246
11.6055167361172
11.3446710651601
11.3144004164859
11.2816006782519
11.1099228164899
10.9304760830731
10.7533650029124
10.5101659070418
10.2056840656694
9.91085552874506
9.60937903474805
9.44119892974035
9.21429049708208
8.93334743943898
8.66181276460273
8.33921260607148
8.1206698882774
7.85484834539134
7.59108584801491
7.25756317765114
6.99473774993949
6.72482914293618
6.59609414247503
6.40615998541565
6.16978805688377
6.1
6.1
6.1
6.1
6.1
6.1
6.1
6.1
6.1
6.1
6.1
6.1
6.1
6.1
6.1
6.1
6.1
6.1
6.1
6.1
6.1
6.1
6.1
6.1
6.1
6.1
6.1
6.1
6.1
6.1
6.1
6.1
6.1
6.1
6.1
6.1
6.1
6.1
6.1
6.1
6.1
6.1
6.1
6.1
6.1
6.1
6.1
6.1
6.1
6.1
6.1
6.1
6.1
6.1
6.1
6.1
6.1
6.1
6.1
6.1
6.1
6.1
6.1
6.1
6.1
6.1
6.1
6.1
6.1
6.1
6.1
6.1
6.1
6.1
6.1
6.1
6.1
6.1
6.1
6.1
6.1
6.1
6.1
6.1
6.1
6.1
6.1
6.1
6.1
6.1
6.1
6.1
6.1
6.1
6.1
6.1
6.1
6.1
6.1
6.1
6.1
6.1
6.1
6.1
6.1
6.1
6.1
6.1
6.1
6.1
6.1
6.1
6.1
6.1
6.1
6.1
6.1
6.1
6.1
6.1
6.1
6.1
6.1
6.1
6.1
6.1
6.1
6.1
6.1
6.1
6.1
6.1
6.1
6.1
6.1
6.1
6.1
6.1
