10.4684989785386
10.1524024005941
10.1
10.1
10.1
10.1
10.1
10.1
10.1
10.1
10.1
10.1
10.1
10.1
10.1
10.1
10.1
10.1
10.1
10.1
10.1
10.1
10.1
10.1
10.1
10.1
10.1
10.1
10.1
10.1
10.1
10.1
10.1
10.1
10.1
10.1
10.1
10.1
10.1
10.1
10.1
10.1
10.1
10.1
10.1
10.1
10.1
10.1
10.1
10.1
10.1
10.1
10.1
10.1
10.1
10.1
10.1
10.1
10.1
10.1
10.1
10.1
10.1
10.1
10.1
10.1
10.1
10.1
10.1
10.1
10.1
10.1
10.1
10.1
10.1
10.1
10.1
10.1
10.1
10.1
10.1
10.1
10.1
10.1
10.1
10.1
10.1
10.1
10.1
10.1
10.1
10.1
10.1
10.1
10.1
10.1
10.1
10.1
10.1
10.1
10.1
10.1
10.1
10.1
10.1
10.1
10.1
10.1
10.1
10.1
10.1
10.1
10.1
10.1
10.1
10.1
10.1
10.1
10.1
10.1
10.1
10.1
10.1
11.9
11.9
11.9
11.9
11.9
11.9
11.9
11.9
11.9
11.9
11.9
11.9
11.9
11.9
11.9
11.9
11.9
11.9
11.9
11.9
11.9
11.9
11.9
11.9
11.9
11.9
11.9
11.9
11.9
11.9
10.1
10.1
10.1
10.1
10.1
10.1
10.1
10.1
10.1
10.1
10.1
10.1
10.1
10.1
10.1
10.1
10.1
10.1
10.1
10.1
10.1
10.1
10.1
10.1
10.1
10.1
10.1
10.1
10.1
10.1
10.1
10.1
10.1
11.1
11.1
11.1
11.1
11.1
11.1
11.1
11.1
11.1
11.1
11.1
11.1
11.1
11.1
11.1
11.1
11.1
11.1
11.1
11.1
11.1
11.1
11.1
11.1
11.1
11.1
11.1
11.1
11.1
10.1
10.1
10.1
10.1
10.1
10.1
10.1
10.1
10.1
10.1
10.1
10.1
10.1
10.1
10.1
10.1
10.1
10.1
10.1
10.1
10.1
10.1
10.1
10.1
10.1
10.1
10.1
10.1
10.1
10.1
10.1
10.1
10.1
10.1
10.1
10.1
10.1
10.1
10.1
10.1
10.1
10.1
10.1
10.1
10.1
10.1
10.1
10.1
10.1
10.1
10.1
10.1
10.1
10.1
10.1
10.1
10.1
10.1
10.1
10.1
10.1
10.1
10.1
10.1
10.1
10.1
10.1
10.1
10.1
10.1
10.1
10.1
10.1
10.1
10.1
10.1
10.1
10.1
10.1
10.1
10.1
10.1
10.1
10.1
10.1
10.1
10.1
10.1
10.1
10.1
10.1
10.1
10.1
10.1
10.1
10.1
10.1
10.1
10.1
10.1
10.1
10.1
10.1
10.1
10.1
10.1
10.1
10.1
10.1
10.1
10.1
10.1
10.1
10.1
10.1
10.1
10.1
10.1
10.1
10.1
10.1333373118987
10.1667328135929
10.2064647213148
10.3239878112108
10.6946461247723
11.0622995150068
11.3393555929076
11.7307091816679
12.2726804424662
13.047794426494
13.5901927463507
13.9670440086725
14.182905084007
14.2963971206053
14.2999815112775
14.0712720973139
13.7757127633549
13.4102381901086
13.0383978910879
12.656229958257
12.2311921118035
11.9101321124406
11.5536083725425
11.1584633452847
10.7658258670403
10.4685