7.09879621157112
6.6389739315586
6.43575431613522
16
16
16
16
16
16
16
16
16
16
16
16
16
16
16
16
16
16
16
16
16
16
16
16
7.8
7.8
7.8
7.8
7.8
7.8
6.1
6.1
6.1
6.1
6.1
6.1
6.1
6.1
6.1
6.1
6.1
6.1
6.1
6.1
6.1
6.1
6.1
6.1
6.1
6.1
6.1
6.1
6.1
6.1
6.1
6.1
6.1
6.1
6.1
6.1
6.1
6.1
6.1
6.1
6.1
6.1
6.1
6.1
6.1
6.1
6.1
6.1
6.1
6.1
6.1
6.1
6.1
6.1
6.1
6.1
6.1
6.1
6.1
6.1
6.1
6.1
6.1
6.1
6.1
6.1
6.1
6.1
6.1
6.1
6.1
6.1
6.1
6.1
6.1
6.1
6.1
6.1
6.1
6.1
6.1
6.1
6.1
6.1
6.1
6.1
6.1
6.1
6.1
6.1
6.1
6.1
6.1
6.1
6.1
6.1
6.1
6.1
6.1
6.1
6.1
6.1
6.1
6.1
6.1
6.1
6.1
6.1
6.1
6.1
6.1
6.1
6.1
6.1
6.1
6.1
6.1
6.1
6.1
6.1
6.1
6.1
6.1
6.1
6.1
6.1
6.1
6.1
6.1
6.1
6.1
6.1
6.1
6.1
6.1
6.1
6.1
6.1
6.1
6.1
6.1
6.1
6.1
6.1
6.1
6.1
6.1
6.1
6.1
6.1
6.1
6.1
6.1
6.1
6.1
6.1
6.1
6.1
6.1
6.1
6.1
6.1
6.1
6.1
6.1
6.1
6.1
6.1
6.1
6.1
6.1
6.1
6.1
6.1
6.1
6.1
6.1
6.1
6.1
6.1
6.1
6.1
6.1
6.1
6.1
6.1
6.1
6.1
6.1
6.1
6.1
6.1
6.1
6.1
6.1
6.1
6.1
6.1
6.1
6.1
6.1
6.1
6.1
6.21416302999045
6.49885870665709
6.79471800015781
7.18670677319353
7.34749161911675
7.44152344791282
7.56457258480217
7.6295257887303
7.54000082948136
7.4007914580163
7.35641569926859
7.55231102269731
7.70688661049508
7.81535065878665
7.83575437070117
7.89782779836663
7.75369299822162
7.44337225083982
7.3884704132014
7.38787593973118
7.4442386428667
7.57878357836854
7.66954225536787
7.72223642664269
7.78955124505796
7.90830232223713
8.05971461563552
8.22586072860879
8.39161929244255
8.47061375406886
8.5350750613549
8.59975488983979
8.73027516917056
8.86803015776637
8.98738168410849
8.98973639377536
8.81776356991273
8.66863160001812
8.53828673850885
8.4126998062984
8.27007585928021
8.11710960836612
8.03165571323443
7.99301419694521
7.94938744664913
7.90750886922124
7.81864080973703
7.7472728798725
7.75050379018709
7.8019594780853
7.90363042381306
8.0553013606687
8.32598550273901
8.54139124483217
8.5842161024732
8.61708062911634
8.58627277520177
8.51131866761004
8.46151962343579
8.45933767738215
8.3979067067096
8.21761118340824
8.11186697046153
7.99858600916976
8.05560897379121
8.00013543723245
7.82511120142466
7.58366027276012
7.51670222528599
7.38754366397101
7.3172291235762
7.32669056657281
7.32737345342779
7.40818360938855
7.49975754103418
7.63538891102378
7.60027471261427
7.38431339007739
7.1818423159951
15.4
15.4
15.4
15.4
15.4
15.4
15.4
15.4
15.4
15.4
15.4
15.4
15.4
15.4
15.4
15.4
15.4
15.4
15.4
15.4
15.4
15.4
15.4
6.90927685769566
7.1269261200879
7.3049862949206
7.50817212498196
7.67575047311725
7.74399854517396
7.83803382244401
7.93068373430565
7.98666530677333
10.8
10.8
10.8
10.8
10.8
10.8
10.8
10.8
10.8
10.8
10.8
10.8
10.8
10.8
10.8
9.15165214354063
8.62998311171435
8.15366192515437
7.7578250582504
7.098796
