10.10
10.10
10.10
10.10
10.10
10.10
10.10
10.10
10.10
10.10
10.10
10.10
10.10
10.10
10.10
10.10
10.10
10.10
10.10
10.10
10.10
10.10
10.10
10.10
10.10
10.10
10.10
10.10
10.10
10.10
10.10
10.10
10.10
10.10
10.10
10.10
10.10
10.10
10.10
10.10
10.10
10.10
10.22
10.39
10.53
10.64
10.70
10.74
10.74
10.66
10.64
10.54
10.44
10.26
10.10
10.10
10.10
10.10
10.10
10.10
10.10
11.30
11.30
11.30
11.30
11.30
11.30
11.30
10.10
10.10
10.10
10.10
10.10
10.10
10.10
10.10
10.10
10.10
10.10
10.10
10.10
10.10
10.10
10.10
10.10
10.10
10.10
10.10
10.10
10.10
10.10
10.10
10.10
10.10
10.10
10.10
10.10
10.60
10.60
10.60
10.60
10.60
10.60
10.60
10.60
10.60
10.60
10.60
10.60
10.60
10.60
10.60
10.60
10.60
10.60
10.60
10.10
10.10
10.10
10.10
10.10
10.10
10.10
10.10
10.10
10.10
10.10
10.10
10.10
10.10
10.10
10.10
10.10
10.10
10.10
10.10
10.10
10.10
10.10
10.10
10.10
10.10
10.10
10.10
10.10
10.10
10.10
10.10
10.10
10.10
10.10
10.10
10.10
10.10
10.10
10.10
10.10
10.10
10.10
10.10
10.10
10.10
10.10
10.10
10.10
10.10
10.10
10.10
10.10
10.10
10.10
10.10
10.10
10.10
10.10
10.10
10.10
10.10
10.10
10.10
10.10
10.10
10.10
10.10
10.10
10.10
10.10
10.10
10.10
10.10
10.10
10.10
10.10
10.10
10.10
10.10
10.10
10.10
10.10
10.10
10.10
10.10
10.10
10.10
10.10
10.10
10.10
10.10
10.10
10.10
10.10
10.10
10.10
10.10
10.10
10.10
10.10
10.10
10.10
10.10
10.10
10.10
10.10
10.10
10.10
10.10
10.10
10.10
10.10
10.10
10.10
10.10
10.10
10.10
10.10
10.10
10.10
10.10
10.10
10.10
10.10
10.10
10.10
10.10
10.10
10.10
10.10
10.10
10.10
10.10
10.10
10.10
10.10
10.10
10.10
10.10
10.10
10.10
10.10
10.10
10.10
10.10
10.10
10.10
10.10
10.10
10.10
10.10
10.10
10.10
10.10
10.10
10.10
10.10
10.10
10.10
10.10
10.10
10.10
10.10
10.10
10.10
10.10
10.10
10.10
10.10
10.10
10.10
10.10
10.10
10.10
10.10
10.10
10.10
10.10
10.10
10.10
10.10
10.10
10.10
10.10
10.10
10.10
10.10
10.10
10.10
10.10
10.10
10.10
10.10
10.10
10.10
10.10
10.10
10.10
10.10
10.10
10.10
10.10
10.10
10.10
10.10
10.10
10.10
10.10
10.10
10.10
10.10
10.10
10.10
10.10
10.10
10.10
10.10
10.10
10.10
10.10
10.10
10.10
10.10
10.10
10.10
10.10
10.10
10.10
10.10
10.10
10.10
10.10
10.10
10.10
10.10
10.10
10.10
10.10
10.10
10.10
10.10
10.10
10.10
10.10
