6.20118077334874
6.6498790461303
6.47826638955331
6.29869571737567
6
6
6
6
6
6
6
6
6
6
6
6
6
6
6
6
6
9.5
9.5
9.5
9.5
9.5
9.5
9.5
10.9
10.9
10.9
10.9
10.9
10.9
10.9
10.9
10.9
10.9
10.9
10.9
10.9
10.9
10.9
10.9
10.9
10.9
10.9
10.9
6
6
6
6
6
6
6
6
6
6
6
6
6
6
6
6
6
6
6
6
6
6
6
6
6
6
6
6
6
6
6
6
6
6
6
6
6
6
6
6
6
6
6
6
6
6
6
6
6
6
6
6
6
6
6
6
6
6
6
6
6
6
6
6
6
6
6
6
6
6
6
6
6
6
6
6
6
6
6
6
6
6
6
6
6
6
6
6
6
6
6
6
6
6
6
6
6
6
6
6
6
6
6
6
6
6
6
6
6
6
6
6
6
6
6
6
6
6
6
6
6
6
6
6
6
6
6
6
6
6
6
6
6
6
6
6
6
6
6
6
6
6
6
6
6
6
6
6
6
6
6
6
6
6
6
6
6
6
6
6
12.4
12.4
12.4
12.4
12.4
12.4
12.4
12.4
12.4
12.4
12.4
12.4
12.4
12.4
12.4
12.4
12.4
12.4
12.4
12.4
12.4
12.4
12.4
12.4
6.4
6.4
6.4
6.4
6.4
6.4
6.4
6.4
6.4
6.4
6.4
6.4
6.4
6.4
6.38228472655959
6.46598879022761
6.6075389541253
6.7831813979522
6.98446956710023
7.11859891443618
7.19298018383178
7.28337378560695
7.421457085583
7.58613342760156
7.693834410834
7.64164820390492
11.3
11.3
11.3
11.3
11.3
11.3
11.3
11.3
11.3
11.3
11.3
11.3
11.3
11.3
11.3
11.3
11.3
11.3
7.64427496246296
7.61731899624528
7.63269345794505
7.58541391135305
7.43808934233088
7.35228541700162
7.3115401318985
7.28083211734308
7.25738596788987
7.11306459605557
6.99342439690258
6.95768371355488
6.84118748379478
6.80954126632314
6.85432412271583
6.8684485438557
6.91292004608195
6.98802209813507
7.01573584233422
7.12356770168426
7.2074791824876
7.37917977426024
7.40874919004479
7.25804154760829
7.0348303097446
6.8438694231128
6.57123719787977
6.39816653199795
6.24175826471994
6.13876334333452
6
6
6
6.19044096360082
6.41731661006857
6.67123065081261
6.81069496192782
6.77941702923754
7.14088009394307
7.28284670272734
7.54773092733232
7.77345412067721
7.97884254573145
8.22226569940783
8.37088530612464
8.4503141058362
8.59399934868094
8.67481018983773
8.75116732904314
8.83817968416284
9.01353053968369
9.32997203622236
9.71394122577247
10.0667364790945
10.4672208625564
10.9445305016609
11.6879205159931
12.2421226048345
12.6567570874031
12.9359986127385
13.0965581219737
13.2161649676589
13.0027130726843
12.7476500802731
12.4236258066911
12.0496766867037
11.6673300862016
11.2924860115249
10.9740282662667
11.0143502713019
11.1244915627578
10.871179692781
10.514838918654
10.6639113692747
10.5708479425987
10.0754097547111
9.82554836059157
9.31862565860695
8.82756276014517
8.45055495712125
7.82837157848539
7.29099329921037
6.79323890526728
6.90143000673364
6.201181
