9.55450308633456
9.15015384810356
8.73929997239407
8.43969892693416
8.11235417333762
7.68102387530549
7.23099347718975
6.8593189119347
13.9
13.9
13.9
13.9
13.9
13.9
13.9
13.9
13.9
13.9
13.9
13.9
13.9
13.9
13.9
13.9
13.9
13.9
13.9
13.9
13.9
13.9
13.9
13.9
13.9
6.1
6.1
6.1
6.1
6.1
6.1
6.1
6.1
6.1
6.1
6.1
6.1
6.1
6.1
6.1
6.1
6.1
6.1
6.1
6.1
6.1
6.1
6.1
6.1
6.1
6.1
6.1
6.1
6.1
6.1
6.1
6.1
6.1
11.6
11.6
11.6
11.6
11.6
11.6
11.6
11.6
11.6
11.6
11.6
11.6
11.6
11.6
11.6
11.6
11.6
11.6
11.6
11.6
11.6
11.6
11.6
11.6
6.1
6.1
6.1
6.1
6.1
6.1
6.1
6.1
6.1
6.1
6.1
6.1
6.1
6.1
6.1
6.1
6.1
6.1
6.1
6.1
6.1
6.1
6.1
6.1
6.1
6.1
6.1
6.1
6.1
6.1
6.1
6.1
6.1
6.1
6.1
6.1
6.1
6.1
6.1
6.1
6.1
6.1
6.1
6.1
6.1
6.1
6.1
6.1
6.1
6.1
6.1
6.1
6.1
6.1
6.1
6.1
6.1
6.1
6.1
6.1
6.1
6.1
6.1
6.1
6.1
6.1
6.1
6.1
6.1
6.1
6.1
6.1
6.1
6.1
6.1
6.1
6.1
6.1
6.1
6.1
6.1
6.1
6.1
6.1
6.1
6.1
6.1
6.1
6.1
6.1
6.1
6.1
6.1
6.1
6.1
6.1
6.1
6.1
6.1
6.1
6.1
6.1
6.1
6.1
6.1
6.1
6.1
6.1
6.1
6.1
6.1
6.1
6.1
6.1
6.1
6.1
6.1
6.1
6.1
6.1
6.1
6.1
6.1
6.1
6.1
6.1
6.1
6.1
6.1
6.1
6.1
6.1
6.1
6.1
6.1
6.1
6.1
6.40259078669805
6.76455006849047
6.89981755804639
7.02118100386818
7.1534340528854
7.17716560823775
7.05615410990134
6.93134795929131
7.04761772881912
7.2443813616099
7.40306124170909
7.44540630087543
7.5076827582391
7.44807369004263
7.21987191853288
7.06114109316609
7.04055839042844
7.08431854661361
7.20950431569746
7.34653180158134
7.42806599123804
7.49054857687662
7.59522824098525
7.74691042504716
7.91927918684954
8.10835052961364
8.25856054194209
8.33874413708452
8.41603806451387
8.4948073902098
8.64726765126988
8.80909308562887
8.92888048274392
8.93416408073295
8.77383129500074
8.63798093551731
8.52159601666462
8.41099128261264
8.2997005953903
8.14622339945453
8.02416980377955
7.99325469891891
7.95705206634108
7.93286512459496
7.89139527760224
7.81061774796919
7.76204878183242
7.79822447583161
7.86405041153242
7.97848173666201
8.27322907511149
8.52874440148359
8.71345728122581
8.74915888884632
8.80715273919202
8.79670832385405
8.72626705987887
8.66646772749441
8.66844192420866
8.66844192420866
8.5426856045455
8.39191102766262
8.29872321382505
8.26263332014124
8.29071317936787
8.21884857149568
8.05805551592413
7.8404807786363
7.73032109220898
7.65959433680918
7.52798780468763
7.47786802956149
7.50932297564669
7.5153604903231
7.51832602352641
7.55166685475226
7.67486386434875
7.80405880649588
7.74602148167926
7.53125586713986
7.32605828665687
7.10247384676777
6.79641651326791
6.60600375755215
6.44346744152139
6.32536943780879
6.16953925676133
6.1
6.16853931160114
6.36168509971833
6.58949689428106
6.8360471049742
6.93718146354454
6.87439938280372
6.86947358016697
6.91027030155567
6.95434746131243
6.87536574501964
6.65894504708426
6.59699747083116
6.56816785611208
6.56749758720091
6.40988639743476
6.21669216082267
6.65477155035941
6.91645345403408
7.08506931212024
7.16008790045831
7.30660752952853
7.50227432199746
7.70006973727222
7.91252184871316
8.04547524208124
8.11475934262288
8.18902845611671
8.29081494999704
8.32822364447187
8.33942421953724
8.91759490539859
9.20984868205711
9.53611225165411
10.123391907014
10.9261268750933
11.4835128593857
11.9121241860225
12.0338712290361
12.0389647761862
11.7810477785205
11.4792737950467
11.1078372670417
10.7036276176691
10.2733680457214
9.89047114932865
9.55450308633456