6.1
6.1
6.1
6.1
6.1
6.1
6.1
6.1
6.1
6.1
6.1
6.1
6.1
6.1
6.1
6.1
6.1
6.1
6.1
6.1
6.1
6.1
6.1
6.1
6.1
6.1
6.30809660134864
6.48457047055016
6.41087266461726
6.30591718954669
6.1122013030959
6.1
6.1
6.1
6.1
6.1
6.1
6.1
6.1
6.2978791137889
6.49348296403755
6.67644166487714
6.93157413143492
7.17790651519898
7.43644339165263
7.71076895277449
7.73263793175976
7.74589079491323
7.70878075557437
7.57663412821471
7.93320738280531
8.05985863029392
8.15243393664055
8.28417191029436
8.48455321717515
8.7301948852229
8.94892452797188
9.14769162380852
9.3698470357846
9.51302360149586
9.58582468737676
9.6727102408628
9.81832818194205
10.031687404895
10.1741836433665
10.0939222027991
10.4217931507889
10.7192956178132
10.9464634215618
11.1418294557689
11.2158785880763
11.2450003984197
11.1824160079687
11.1013852372679
10.9346612393486
10.7880750977925
10.5563732925941
10.3164817322026
10.0044268125639
9.74839056918218
9.61377017184282
9.54492984116268
9.50456254746225
9.46240444112923
9.38523568507928
9.27351240068776
9.18258992224674
9.09733166021671
8.95386285864653
8.95787664382828
8.89723652508624
8.8568160859325
8.81842691214539
8.78865534221663
8.7458442200631
8.56974255338957
8.36998942421578
8.11103510691725
7.92163186377718
7.84728563817854
7.89076916409378
7.9984576989013
8.1712203399881
8.29102323074573
8.40974041258932
8.48504856352697
8.48701701844393
8.48077202526714
8.39039070538929
8.22729691481958
8.06669707738732
7.94549458381188
7.83091307213664
7.78733951182527
7.72637147555795
7.67177952652202
7.58078881288963
7.45049183837346
7.39889004291921
7.58906273693093
7.92212536581773
8.1037728374183
8.04256345379552
7.9577808466608
7.77570047637556
7.55796982247705
7.27258461262479
6.89061121201809
6.57643996432122
6.25856035844902
6.1
6.1
6.1
6.1
6.1
6.1
6.1
6.1
6.1
6.1
6.1
6.1
6.1
6.1
6.1
6.1
6.1
6.1
6.1
6.1
6.1
6.1
6.1
6.1
6.1
6.1
6.1
6.1
6.1
6.1
6.1
6.1
6.1
6.1
6.1
6.1
6.1
6.1
6.1
6.1
6.1
6.1
6.1
6.1
6.1
6.1
6.1
6.1
6.1
6.1
6.1
6.4
6.4
6.4
6.4
6.4
6.4
6.4
6.4
6.4
6.4
6.4
6.4
6.4
6.4
6.4
6.1
6.1
6.1
6.1
6.1
6.1
6.1
6.1
6.1
6.1
6.1
6.1
6.1
6.1
6.1
6.1
6.1
6.1
6.1
6.1
6.1
6.1
6.1
6.1
6.1
6.1
6.1
6.1
6.1
6.1
6.1
6.1
6.1
6.1
6.1
6.1
6.1
6.1
6.1
6.1
6.1
6.1
6.1
6.1
6.1
6.1
6.1
6.1
6.1
6.1
6.1
6.1
6.1
6.1
6.1
6.1
6.1
6.1
6.1
6.1
6.1
6.1
6.1
6.1
6.1
6.1
6.1
6.1
6.1
6.1
6.1
6.1
6.1
6.1
6.1
6.1
6.1
6.1
6.1
6.1
6.1
6.1
6.1
6.1
6.1
6.1
6.1
6.1
6.1
6.1
6.1
6.1
6.1
6.1
6.1
6.1
6.1
6.1
6.1
6.1
6.1
6.1
6.1
6.1
6.1
6.1
6.1
6.1
6.1
6.1
6.1
6.1
6.1
6.1
6.1
6.1
6.1
6.1
6.1
6.1
6.1
6.1
6.1
6.1
6.1
6.1
6.1
6.1
6.1
6.1
6.1
6.1
6.1
6.1
6.1
6.1
6.1
6.1
6.1
6.1
6.1
6.1
6.1
6.1
6.1
6.1
6.1
6.1
7
7
7
7
7
7
7
7
7
7
7
7
7
7
7
6.1
6.1
