6.10
6.10
6.10
6.10
6.10
6.10
6.10
6.10
6.10
6.10
6.10
6.10
6.10
6.10
6.10
6.10
6.26
6.53
6.76
6.99
7.04
7.11
7.18
7.19
7.15
7.13
7.14
7.16
7.19
7.22
7.25
7.29
7.36
7.40
7.41
7.41
7.43
7.46
7.53
7.76
7.87
7.98
8.09
8.20
8.32
8.41
8.51
8.62
8.62
8.52
8.46
8.36
8.26
8.14
7.92
7.01
6.94
6.88
6.91
6.80
6.82
6.98
7.16
7.27
7.33
7.29
7.15
7.01
6.79
6.66
6.60
6.47
6.63
6.80
7.05
7.22
7.40
7.34
7.28
7.10
7.04
7.12
7.21
7.28
7.27
7.33
7.52
7.81
8.17
8.48
8.74
8.94
9.05
9.09
9.05
8.92
8.74
8.52
8.25
9.10
9.10
9.10
9.10
9.10
9.10
9.10
9.10
9.10
9.10
9.10
9.10
9.10
9.10
9.10
9.10
6.42
6.44
6.39
6.26
6.10
6.10
6.10
6.10
6.10
6.10
6.10
6.17
6.12
6.10
6.10
6.10
6.10
6.10
6.10
6.10
6.10
6.10
6.10
6.10
6.10
6.10
6.10
6.10
6.10
6.10
6.10
6.10
6.10
6.10
6.10
6.10
6.10
6.10
6.10
6.10
6.10
6.10
6.10
6.10
6.10
6.10
6.10
6.10
6.10
6.10
6.10
6.10
6.10
6.10
6.10
6.10
6.10
6.10
6.10
6.10
6.10
6.10
6.10
6.10
6.10
6.10
6.10
6.10
6.10
6.10
6.10
6.10
6.10
6.10
6.10
6.10
6.10
6.10
6.10
6.10
6.10
6.10
6.10
6.10
6.10
6.10
6.10
6.10
6.10
6.10
6.10
6.10
6.10
6.10
6.10
6.10
6.10
6.10
6.10
6.10
6.10
6.10
6.10
6.10
6.10
6.10
6.10
6.10
6.10
6.10
6.10
6.10
6.10
6.10
6.10
6.10
6.10
6.10
6.10
6.10
6.10
6.10
6.10
6.10
6.10
6.10
6.10
6.10
6.10
6.10
6.10
6.10
6.10
6.10
6.10
6.10
6.10
6.10
6.10
6.10
6.10
6.10
6.10
6.10
6.10
6.10
6.10
6.10
6.10
6.10
6.10
6.10
6.10
6.10
6.10
6.10
6.10
6.10
6.10
6.10
6.10
6.10
6.10
6.10
6.10
6.10
6.10
6.10
6.10
6.10
6.10
6.10
6.10
6.10
6.10
6.10
6.10
6.10
6.10
6.10
6.10
6.10
6.10
6.10
6.10
6.10
6.10
6.10
6.10
6.10
6.10
6.10
6.10
6.10
6.10
6.10
6.10
6.10
6.10
6.10
6.10
6.10
6.10
6.10
6.10
6.10
6.10
6.10
6.10
6.10
6.10
6.10
6.10
6.10
6.10
6.10
6.10
6.10
6.10
6.10
6.10
6.10
6.10
6.10
6.10
6.10
6.10
6.10
6.10
6.10
6.10
6.10
6.10
6.10
6.10
6.10
6.10
6.10
6.10
6.10
6.10
6.10
6.10
6.10
6.10
6.10
