10.1
10.1
10.1
10.1
10.1
10.1
10.1
10.1
10.1
10.1
10.1
10.1
10.1
10.1
10.1
10.1
10.1
10.1
10.1
10.1
10.1
10.1
10.1
10.1
10.1
10.1
10.1
10.1
10.1
10.1
10.1
10.1
10.1
10.1
10.1
10.1
10.1
10.1
10.1
10.1
10.1
10.1
10.1
10.1
10.1
10.1
10.1
10.1
10.1
10.1
10.1
10.1
10.1
10.1
10.1
10.1
10.1
10.1
10.1
10.1
10.1
10.1
10.1
10.1
10.1
10.1
10.1
10.1
10.1
10.1
10.1
10.1
10.1
10.1
10.1
10.1
10.1
10.1
10.1
10.1
10.1
10.1
10.1
10.1
10.1
10.1
10.1
10.1
10.1
10.1
10.1
10.1
10.1
10.1
10.1
10.1
10.1
10.1
10.1
10.1
10.1
10.1
10.1
10.1
10.1
10.1
10.1
10.1
10.1
10.1
10.1
10.1
10.1
10.1
10.1
10.1
10.1
10.1
10.1
10.1
10.1
10.1
10.1
10.1
10.1
10.1
10.1
10.1
10.1
10.1
10.1
10.1
10.1
10.1
10.1
10.1
10.1
10.1
10.1
10.1
10.1
10.1
10.1
10.1
10.1
10.1
10.1
10.1
10.1
10.1
10.1
10.1
10.1
10.1
10.1
10.1
10.1
10.1
10.1
10.1
10.1
10.1
10.1
10.1
10.1
10.1
10.1
10.1
10.1
10.1
10.1
10.1
10.1
10.1
10.1
10.1
10.1
10.1
10.1
10.1
10.1
10.1
10.1
10.1
10.1
10.1
10.1
10.1
10.1
10.1
10.1
10.1
10.1
10.1
10.1
10.1
10.1
10.1
10.1
10.1
10.1
10.1
10.1
10.1
10.1
10.1
10.1
10.1
10.1
10.1
10.1
10.1
10.1
10.1
10.1
10.1
10.1
10.1
10.1
10.1
10.1
10.1
10.1
10.1
10.1
10.1
10.1
10.1
10.1
10.1
10.1
10.1
10.1
10.1
10.1
10.1
10.1
10.1
10.1
10.1
10.1
10.1
10.1
10.1
10.1
10.1
10.1
10.1
10.1
10.1
10.1
10.1
10.1
10.1
10.1
10.1
10.1
10.1
10.1
10.1
10.1
10.1
10.1
10.1
10.1
10.1
10.1
10.1
10.1
10.1
10.1
10.1
10.1
10.1
10.1
10.1
10.12534572
10.289344
10.45326932
10.6142451
10.77227275
10.9244827
11.07375072
11.22007882
11.36346918
11.49246098
11.5956129
11.66149586
11.7159092
11.69516939
11.78770088
11.87475936
11.61279481
11.8549821
12.11976391
12.37836577
12.6036314
12.8305658
13.1016962
13.36040159
13.62472767
13.87865368
13.4620662
13.76972982
14.10254544
14.7437059
15.44945676
15.94042062
16.28308818
16.6053454
16.81490195
16.92651451
16.88087714
16.78068524
16.59982304
16.37683773
16.12261195
15.75361187
15.36895209
15.00912003
14.7706079
14.56030945
14.33394753
13.94760914
13.58560487
13.5852545
13.5848946
13.48345647
13.38428108
13.21661713
13.14211378
13.31749733
13.51265714
13.63486128
13.60845131
13.7386083
13.59532208
13.26935679
12.85562248
13.03113219
13.0138154
13.0874509
12.81248547
12.32779735
12.1836866
11.80866141
11.24540101
10.79876479
10.45957204
10.1
10.1
10.1
10.1
10.1
10.1
10.1
10.1
10.1
10.1
10.1
10.1