9.39218213374548
9.07567906943616
8.70259282462152
8.25315541850369
7.83886695364716
7.4880562684246
7.10460050595841
6.75572828971122
6.37227501038912
6.1
6.1
6.1
6.1
6.1
6.1
6.1
6.1
6.1
6.1
6.1
6.1
6.1
6.1
6.1
6.1
6.1
6.1
6.1
6.1
6.1
6.1
6.1
6.1
6.1
6.1
6.1
6.1
6.1
6.1
6.1
6.4
6.4
6.4
6.4
6.4
6.4
6.4
6.4
6.4
6.4
6.4
6.1
6.1
6.1
6.1
6.1
6.1
6.1
6.1
6.1
6.1
6.1
6.1
6.1
6.1
6.1
6.1
6.1
6.1
6.1
6.1
6.1
6.1
6.1
6.1
6.1
6.1
6.1
6.1
6.1
6.1
6.1
6.1
6.1
6.1
6.1
6.1
6.1
6.1
6.1
6.1
6.1
6.1
6.1
6.1
6.1
6.1
6.1
6.1
6.1
6.1
6.1
6.1
6.1
6.1
6.1
6.1
6.1
6.1
6.1
6.1
6.1
6.1
6.1
6.1
6.1
6.1
6.1
6.1
6.1
6.1
6.1
6.1
6.1
6.1
6.1
9.5
9.5
9.5
9.5
9.5
9.5
9.5
9.5
9.5
9.5
9.5
9.5
9.5
9.5
9.5
9.5
9.5
9.5
9.5
9.5
9.5
9.5
9.5
9.5
9.5
6.1
6.1
6.1
6.1
6.1
6.1
6.1
6.1
6.1
6.1
6.1
6.1
6.1
6.1
6.1
6.1
6.1
6.1
6.1
6.1
6.1
6.1
6.1
6.1
6.1
6.1
6.1
6.1
6.1
6.1
6.1
6.1
6.1
6.1
6.1
6.1
6.1
8.7
8.7
8.7
8.7
8.7
8.7
8.7
8.7
8.7
8.7
8.7
8.7
8.7
8.7
8.7
8.7
8.7
8.7
8.7
8.7
8.7
8.7
8.7
8.7
8.7
6.1
6.1
6.1
6.1
6.1
6.1
6.1
6.1
6.1
6.1
6.1
6.1
6.1
6.12355540847196
6.24818344316069
6.38029760837517
6.48998778166544
6.43369687454231
6.29413332446878
6.29592940185397
6.50695338697614
6.6712769284219
6.72920159399571
6.79323705669076
6.72994067183503
6.4603514683935
6.36688741393565
6.37856127685828
6.46449469905501
6.63796097837835
6.71198687666008
6.78579206176932
6.88938350962117
7.04947877707771
7.22929582121659
7.43065435627001
7.58500206164759
7.66465082593872
7.75943245813202
7.86538530644622
8.03948961837873
8.19754538872177
8.27727178643882
8.19429428350632
8.06539027928946
7.95209315232382
7.84884415343092
7.7486393649256
7.60131051093784
7.48037051878918
7.46176356019989
7.43943160597872
7.41973595713852
7.38120649260691
7.30779202466698
7.27043489480452
7.33970787624063
7.43725021953848
7.751439747489
8.02603331428056
8.22569145013813
8.28322380877302
8.35060277788601
8.36635325878761
8.31281642023403
8.26513528643562
8.27825225694227
8.29289703043584
8.17887949860354
8.04514610323779
7.96272074708291
7.95105519238746
7.96532624433157
7.87236095461299
7.77179796106393
7.56497165617204
7.49971761174801
7.4545231796548
7.32212134902082
7.28639929851427
7.32050682724136
7.34448034101028
7.35784465734142
7.41942335304125
7.42530188838995
7.46468132971402
7.58606150410253
7.73205239808623
7.71180635024542
7.52175021719847
7.30593457476035
7.1188362497763
6.81975855243885
6.629331304033
6.4560555646462
6.34631942603226
6.19929414031495
6.1
6.1
6.25013441621684
6.45734695396033
6.71191145558201
6.93420344480466
6.96426383991625
6.90792930457867
6.92693687718723
6.97885476810948
7.02454353534945
6.94712294219564
6.73735934085734
7.22502746663363
7.41743378997364
7.55629300707316
7.59873243361447
7.78309077244025
8.00036911331047
8.19520586079907
8.40363826263047
8.60649702799027
8.72711070550321
8.79173984295326
8.87524271634224
8.98594951845865
9.03159145903875
9.07271228980252
9.20206034421457
9.59894231388621
9.96711762923289
10.2445806102665
10.6465438704948
11.1989631445272
11.9753396864528
12.5323232714613
12.9098315346173
13.134152427763
13.2434491952006
13.2520132621162
13.0186134211155
12.7225374010853
12.3564407694931
11.9796025324445
11.5968185269342
11.1615020364801
10.8452121618669
10.4925351906443
10.0968365432896
9.69857567763131
9.392182
