7.7704511438246
7.9260310882724
8.07808841062267
8.18411599754474
8.27270597245605
8.26929312693366
8.26417375764621
8.25905426728538
8.26827804931887
8.10906281538965
7.85799849968469
7.59208153438108
7.30762447792187
7.02466975556892
6.63815176857092
6.1
6.1
6.1
6.1
6.1
6.1
6.1
6.1
6.1402522899091
6.32230659355647
6.47144238160838
6.6046007861393
6.93362445538245
7.0697478641769
7.23711982819516
7.39259664346168
7.51080602063477
7.56205466103782
7.60926313074335
7.64395055712891
7.61719105187444
7.61704138317893
7.62183173556615
7.632714163268
7.68217313188657
7.79389449766771
7.93226707552127
8.12187001099665
8.3169257455536
8.51435593976904
8.6825794599197
8.59238012172582
8.51704791993596
8.40060963598596
8.22917034041088
8.03350201556418
8.08755524976914
8.06188762690275
8.03824203130482
8.04780465799759
7.99379357304932
8.10906245616349
8.15159504282932
8.15969902320157
7.74873458778405
7.90261672523988
8.10788573207762
8.3307071652987
8.5448723103137
8.76953226799374
8.93762966492317
8.9182263628743
8.87561867006065
8.79072420548839
8.62622242430183
8.44615819751393
8.33477836150138
8.41433142710622
8.51982103841374
8.61748273949009
8.67500821910982
8.742279000107
8.742279000107
8.7805205331345
8.88596960643704
9.07023939532108
9.3635722737881
9.6890629461539
10.0312896545347
10.3592399763408
10.6193954950896
10.8329919121543
10.9946843085421
11.1310353375639
11.1555898766494
11.1279657354241
11.026633494514
10.8975665121596
10.7153343171652
10.513097917484
10.2689366876233
10.0041718215368
9.66676364247824
9.3500459471345
9.02495928014113
8.82060908978964
8.73376917356586
8.55039977806758
8.36479510179989
8.21137935974066
8.10657380341004
8.02787008427655
7.95986677120843
7.88228804531902
7.76487314740426
7.54180204630051
7.29615672319567
7.06531832995018
6.93283988875672
7.03020776461226
7.17222545017849
7.28681720303939
7.36241864176118
7.35789225694765
7.32656867440679
7.22033529184104
7.03635070405747
6.85202848201855
6.70169209250634
6.56807388683946
6.498492527528
6.4272993535535
6.31158923060723
6.39347707181082
6.77760586873635
6.85421018933847
6.7735776434455
6.63887204155857
6.4168247223721
6.13817138656642
6.1
6.1
6.1
6.1
6.1
6.1
6.1
6.1
6.1
6.1
6.1
6.1
6.1
6.1
6.1
6.1
6.1
6.1
6.1
6.1
6.1
6.1
6.1
6.1
6.1
6.1
6.1
6.1
6.1
6.1
6.1
6.1
6.1
6.1
6.1
6.1
6.1
6.1
6.1
6.1
6.1
6.1
6.1
6.1
6.1
6.1
6.1
6.1
6.1
6.1
6.1
6.1
6.1
6.1
6.1
6.1
6.1
6.1
6.1
6.1
6.1
6.1
6.1
6.1
6.1
6.1
6.1
6.1
6.1
6.1
6.1
6.1
6.1
6.1
6.1
6.1
6.1
6.1
6.1
6.1
6.1
6.1
6.1
6.1
6.1
6.1
6.1
6.1
6.1
6.1
6.1
6.1
6.1
6.1
6.1
6.1
6.1
6.1
6.1
6.1
6.1
6.1
6.1
6.1
6.1
6.1
6.1
6.1
6.1
6.1
6.1
6.1
6.1
6.1
6.1
6.1
6.1
6.1
6.1
6.1
6.1
6.1
6.1
6.1
6.1
6.1
6.1
6.1
6.1
6.1
6.1
6.1
6.1
6.1
6.1
6.1
6.1
6.1
6.1
6.1
6.1
6.1
6.1
6.1
6.1
6.1
6.1
6.1
6.1
6.1
6.1
6.1
6.1
6.1
6.1
6.1
6.1
6.1
6.1
6.1
6.1
6.1
6.1
6.1
6.1
6.1
6.1
6.1
6.1
6.1
6.1
6.1
6.1
6.1
6.1
6.1
6.1
6.1
6.1
6.1
6.1
6.1
6.1
6.1
6.1
6.1
6.1
6.1
6.1
6.1
6.1
6.1
6.1
6.1
6.1
6.1
6.1
6.1
6.1
6.1
6.1
6.1
6.1
6.1
6.1
6.1
6.1
6.1
6.1
6.1
6.1
6.1
6.1
6.1
6.1
6.1
6.1
6.1
6.1
6.1
6.1
6.52988674235921
6.92239010764767
7.27395987988279
7.61305521192205
7.770451
