10.2646
10.4168
10.5672
10.7156
10.8060
10.8259
10.8458
10.8656
10.8837
10.6902
10.4404
10.1757
10.1000
10.1000
10.1000
10.1000
10.1000
10.1000
10.1000
10.1000
10.1000
10.1000
10.1000
10.1000
10.1000
10.1000
10.1000
10.1000
10.1000
10.1000
10.1000
10.1000
10.1000
10.1000
10.1000
10.1000
10.1000
10.1000
10.1000
10.1000
10.1000
10.1000
13.5000
13.5000
13.5000
13.5000
13.5000
13.5000
13.5000
10.1000
10.1000
10.1000
10.1000
10.1000
10.1000
10.1000
10.1000
10.1000
10.1000
10.1000
10.1000
10.1000
10.1000
10.1000
10.1000
10.2070
10.1971
10.1545
10.1000
10.1000
10.1000
10.1000
10.1000
10.1000
10.1000
10.1000
10.1013
10.3199
10.4639
10.4697
10.5710
10.7677
11.0128
11.1650
11.4924
11.7521
11.9654
12.1268
12.2629
12.2874
12.2598
12.1587
12.0328
11.8600
11.6581
11.4144
11.1500
10.8220
10.5097
10.1851
10.1000
10.1000
10.1000
10.1000
10.1000
10.1000
10.1000
10.1000
10.1000
10.1000
10.1000
10.1000
10.1000
10.1000
10.1000
10.1000
10.1000
10.1000
10.1000
10.1000
10.1000
10.1000
10.1000
10.1000
10.1000
10.1000
10.1000
10.1000
10.1000
10.1000
10.1000
10.1000
10.1000
10.1000
10.1000
10.1000
10.1000
10.1000
10.1000
10.1000
10.1000
10.1000
10.1000
10.1000
10.1000
10.1000
10.1000
10.1000
10.1000
10.1000
10.1000
10.1000
10.1000
10.1000
10.1000
10.1000
10.1000
10.1000
10.1000
10.1000
10.1000
10.1000
10.1000
10.1000
10.1000
10.1000
10.1000
10.1000
10.1000
10.1000
10.1000
10.1000
10.1000
10.1000
10.1000
10.1000
10.1000
10.1000
10.1000
10.1000
10.1000
10.1000
10.1000
10.1000
10.1000
10.1000
10.1000
10.1000
10.1000
10.1000
10.1000
10.1000
10.1000
10.1000
10.1000
10.1000
10.1000
10.1000
10.1000
10.1000
10.1000
10.1000
10.1000
10.1000
10.1000
10.1000
10.1000
10.1000
10.1000
10.1000
10.1000
10.1000
10.1000
10.1000
10.1000
10.1000
10.1000
10.1000
10.1000
10.1000
10.1000
10.1000
10.1000
10.1000
10.1000
10.1000
10.1000
10.1000
10.1000
10.1000
10.1000
10.1000
10.1000
10.1000
10.1000
10.1000
10.1000
10.1000
10.1000
10.1000
10.1000
10.1000
10.1000
10.1000
10.1000
10.1000
10.1000
10.1000
10.1000
10.1000
10.1000
10.1000
10.1000
10.1000
10.1000
10.1000
10.1000
10.1000
10.1000
10.1000
10.1000
10.1000
10.1000
10.1000
10.1000
10.1000
10.1000
10.1000
10.1000
10.1000
10.1000
10.1000
10.1000
10.1000
10.1000
10.1000
10.1000
10.1000
10.1000
10.1000
10.1000
10.1000
10.1000
10.1000
10.1000
10.1000
10.1000
10.1000
10.1000
10.1000
10.1000
10.1000
10.1000
10.1000
10.1000
10.1000
10.1000
10.1000
10.1000
10.1000
10.1000
10.1000
10.1000
10.1000
10.1000
10.1000
10.1000
10.1000
10.1000
10.1000
10.1000
10.1000
10.1000
10.1000
10.1000
10.1000
10.1000
10.1000
10.1000
10.1000
10.1000
10.1000
10.1000
10.1000
10.1000
10.1000
10.1000
10.1000
10.1000
10.1000
10.1000
10.1000
10.1000
10.1000
10.1000
10.1000
10.1000
10.1000
10.1000
10.1000
10.1000
10.1000
10.1000
10.1000
10.1000
10.1000
10.1000
10.1000
10.1000
10.1000
10.1000
10.1000
10.1000
10.1000
10.1000
10.1000
10.1000
10.1000
10.1000
10.1050
10.2646
