10.100
10.100
10.100
10.100
10.100
10.100
10.100
10.100
10.100
10.100
10.100
10.100
10.100
10.100
10.100
10.100
10.100
10.100
10.100
10.100
10.100
10.100
10.100
10.100
10.100
10.100
10.100
10.100
10.100
10.100
10.100
10.100
10.100
10.100
10.100
10.100
10.100
10.100
10.100
10.100
10.100
10.100
10.100
10.100
10.100
10.100
10.100
10.100
10.100
10.274
10.552
10.693
10.707
10.683
10.590
10.444
10.257
10.100
10.100
10.100
10.100
10.100
10.100
10.100
10.100
10.100
10.100
10.100
10.100
10.100
10.100
10.100
10.100
10.100
10.100
10.100
10.100
10.100
10.100
10.100
10.100
10.100
10.168
10.297
10.389
10.390
10.328
10.200
10.133
10.158
10.175
10.139
10.140
10.100
10.100
10.100
10.100
10.100
10.229
10.346
10.577
10.792
10.800
10.751
10.605
10.412
10.198
10.100
10.100
10.100
10.100
10.100
10.100
10.100
10.100
10.100
10.100
10.100
10.100
10.100
10.100
10.100
10.100
10.100
10.100
10.100
10.100
10.100
10.100
10.100
10.100
10.100
10.100
10.100
10.100
10.100
10.100
10.100
10.100
10.100
10.100
10.100
10.100
10.100
10.100
10.100
10.100
10.100
10.100
10.100
10.100
10.100
10.100
10.100
10.100
10.100
10.100
10.100
10.100
10.100
10.100
10.100
10.100
10.100
10.100
10.100
10.100
10.100
10.100
10.100
10.100
10.100
10.100
10.100
10.100
10.100
10.100
10.100
10.100
10.100
10.100
10.100
10.100
10.100
10.100
10.100
10.100
10.100
10.100
10.100
10.100
10.100
10.100
10.100
10.100
10.100
10.100
10.100
10.100
10.100
10.100
10.100
10.100
10.100
10.100
10.100
10.100
10.100
10.100
10.100
10.100
10.100
10.100
10.100
10.100
10.100
10.100
10.100
10.100
10.100
10.100
10.100
10.100
10.100
10.100
10.100
10.100
10.100
10.100
10.100
10.100
10.100
10.100
10.100
10.100
10.100
10.100
10.100
10.138
10.187
10.249
10.262
10.297
10.290
10.255
10.238
10.233
10.189
10.100
10.100
10.100
10.100
10.100
10.100
10.100
10.100
10.100
10.100
10.100
10.100
10.100
10.100
10.100
10.100
10.100
10.100
10.100
10.100
10.100
10.100
10.100
10.100
10.100
10.100
10.100
10.100
10.100
10.100
10.100
10.100
10.100
10.100
10.100
10.100
10.100
10.100
10.100
10.100
10.100
10.100
10.100
10.100
10.100
10.100
10.100
10.100
10.100
10.100
10.100
10.100
10.100
10.100
10.100
10.100
10.100
10.100
10.100
10.100
10.100
10.100
10.100
10.100
10.100
10.100
10.100
10.100
10.100
10.100
10.100
10.100
10.100
10.100
10.100
10.100
10.100
10.100
10.100
10.100
10.100
10.100
10.100
10.100
10.100
10.100
10.100
10.100
10.100
10.100
10.100
10.100
10.100
10.100
10.100
10.100
10.100
10.100
10.100
10.100
10.100
10.100
10.100
10.100
10.100
10.100
10.100
10.100
10.100
10.100
10.100
10.100
10.100