6
6
6
6
6
6
6
6
6
6
6
6
6
6
6
6
6
6
6
6
6
6
6
6
6
6
6
6
6
6
6
6
6
6
6
6
6
6
6
6
6
6
6
6
6
6
6
6
6
6
6
6
6
6
6
6
6
6
6
6
6
6
6
6
6
6
6
6
6
6
6
6
6
6
6
6
6
6
6
6.016104439
6.050760246
6.09063878
6.08685859
6.06588235
6.095274845
6.064553273
6
6
6
6
6
6
6
6
6
6
6
6
6
6
6
6
6
6
6
6
6
6
6
6
6
6
6
6
6
6
6
6
6
6
6
6
6
6
6
6
6
6
6
6
6
6
6
6
6
6
6
6
6
6
6
6
6
6
6
6
6
6
6
6
6
6
6
6
6
6
6
6
6
6
6
6
6
6
6
6
6
6
6
6
6
6
6
6
6
6
6
6
6
6
6
6
6
6
6
6
6
6
6
6
6
6
6
6
6
6
6
6
6
6
6
6
6
6
6
6
6
6
6
6
6
6
6
6
6
6
6
6
6
6
6
6
6
6
6
6
6
6
6
6
6
6
6
6
6
6
6
6
6
6
6
6
6
6
6
6
6
6.072612816
6.087683246
6
6
6
6
6
6
6
6
6
6
6
6.059288779
6.177081896
6.256984095
6.237300689
6.223734151
6.250775355
6.203310736
6.081473543
6.024988745
6.012634264
6.00313487
6
6
6
6
6
6
6
6
6.05195928
6.094106939
6.078640451
6.028358966
6.298838376
6.470333244
6.540553785
6.726807154
6.864592278
6.79231797
7.548327159
7.727617961
7.93465958
8.140959325
8.244623713
8.429421809
8.567478406
8.73026979
9.188683694
9.754714561
10.35906188
10.88442554
11.29406477
11.62910104
11.92481742
12.31167451
13.02366091
13.7245987
14.20459831
14.56204727
14.8678925
15.07667584
15.22142185
15.18810704
15.08743186
14.893147
14.65763419
14.42627
14.0679171
13.68158532
13.27817447
12.8436905
12.38253842
12.22265275
12.05135538
12.07675706
12.2240998
12.21899301
12.11546521
12.00121712
11.77497153
11.92767982
12.10727611
12.32131466
12.44733897
12.43802768
12.58147425
12.43469225
12.10650775
11.73530481
11.91660042
11.92737393
12.00644639
11.73749825
11.26712402
11.13177851
10.75827475
10.19422709
9.733735082
9.394600761
8.774158219
8.182858261
7.702684139
7.132452377
6.634492327
6.673982367
6.760303341
6.536472485
6
6
6
6.1